51841587
50441276
49720655
49701681
47949444
47949240
47948632
47947931
47947633
47947235
47947043
47943874
42008588
41741890
41215165
40673224
40650472
40433879
40418143
40357031
40352089
40291085
40202805
38795777
38795261
38795196
38790143
38444389
38346796
38346103
38345634
38344970
38340943
38340329
37255801
37255256
36721301
36720957
36720559
36705147
36704872
36704672
36702271
36675848
36674429
36673864
36637468
36636650
36627586
36627328
36627075
36623690
36623249
36618008
36617388
36616853
36286675
36286485
36286324
36285977
36284825
36257026
36045319
35741187
35741154
35741137
35740582
35740181
35740079
35739373
35739318
35738768
35738735
35738685
35738646
35738597
35698191
35688234
35683711
35683213
35624434
35619198
35582496
35580736
35580691
35580527
35579994
35579855
35572721
35562150
35560926
35560588
35559266
35558550
35558284
35558071
35556805
35556324
35553884
35551502
35484842
35481293
35401928
35392937
35314948
35133283
35132846
35131601
34095667
34094596
34093714
34092853
33907650
33890012
33590938
33590896
33126367
33126176
33125943
33124104
33123926
33123331
33122852
33111674
33104831
33004065
32962237
32961891
32961756
32949656
32949535
32919602
32859775
32662158
32662138
32662129
32662098
32661898
32661850
32661826
32661817
32611383
32611239
32611200
32611184
32611168
32611075
32610556
32610547
32610529
32610436
32540780
32540743
32540729
32540712
32540660
32540619
32540589
32540575
32540557
32540543
32540413
32540403
32540392
32540381
32540372
32540065
32539808
32539782
32447180
32446995
32446970
32446930
32446914
32446827
32446816
32446730
32446679
32446669
32446652
32446631
32446607
32446587
32446574
32446537
32419623
32419608
32419605
32347712
32347692
32347652
32347624
32347607
32347595
32347584
32347442
32347429
32347418
32331019
32330999
32330951
32330461
32330440
32330153
32330121
32330069
32329967
32325334
32316088
32309710
32309678
32303496
32303468
32303443
32302740
32302665
32302442
32302416
32241043
32240899
32234983
32234721
32158122
31934462
31933829
